# x
0.000000000000000000e+00
0.000000000000000000e+00
0.000000000000000000e+00
0.000000000000000000e+00
0.000000000000000000e+00
0.000000000000000000e+00
0.000000000000000000e+00
1.071738172322511673e-02
6.430429220199584961e-02
1.226243972778320312e-01
2.038973867893218994e-01
2.774038910865783691e-01
3.660593330860137939e-01
4.648463726043701172e-01
5.774702429771423340e-01
7.441093921661376953e-01
8.781570792198181152e-01
1.012204766273498535e+00
1.150046825408935547e+00
1.282807588577270508e+00
1.425107598304748535e+00
1.581727504730224609e+00
1.753973722457885742e+00
1.897642374038696289e+00
2.049233436584472656e+00
2.187959432601928711e+00
2.376502275466918945e+00
2.537477254867553711e+00
2.699223756790161133e+00
2.864240646362304688e+00
3.000000000000000000e+00
0.000000000000000000e+00
1.071738172322511673e-02
6.430429220199584961e-02
1.226243972778320312e-01
2.038973867893218994e-01
2.774038910865783691e-01
3.660593330860137939e-01
4.648463726043701172e-01
5.774702429771423340e-01
7.441093921661376953e-01
8.781570792198181152e-01
1.012204766273498535e+00
1.150046825408935547e+00
1.282807588577270508e+00
1.425107598304748535e+00
1.581727504730224609e+00
1.753973722457885742e+00
1.897642374038696289e+00
2.049233436584472656e+00
2.187959432601928711e+00
2.376502275466918945e+00
2.537477254867553711e+00
2.699223756790161133e+00
2.864240646362304688e+00
3.000000000000000000e+00
0.000000000000000000e+00
1.071738172322511673e-02
6.430429220199584961e-02
1.226243972778320312e-01
2.038973867893218994e-01
2.774038910865783691e-01
3.660593330860137939e-01
4.648463726043701172e-01
5.774702429771423340e-01
7.441093921661376953e-01
8.781570792198181152e-01
1.012204766273498535e+00
1.150046825408935547e+00
1.282807588577270508e+00
1.425107598304748535e+00
1.581727504730224609e+00
1.753973722457885742e+00
1.897642374038696289e+00
2.049233436584472656e+00
2.187959432601928711e+00
2.376502275466918945e+00
2.537477254867553711e+00
2.699223756790161133e+00
2.864240646362304688e+00
3.000000000000000000e+00
0.000000000000000000e+00
1.071738172322511673e-02
6.430429220199584961e-02
1.226243972778320312e-01
2.038973867893218994e-01
2.774038910865783691e-01
3.660593330860137939e-01
4.648463726043701172e-01
5.774702429771423340e-01
7.441093921661376953e-01
8.781570792198181152e-01
1.012204766273498535e+00
1.150046825408935547e+00
1.282807588577270508e+00
1.425107598304748535e+00
1.581727504730224609e+00
1.753973722457885742e+00
1.897642374038696289e+00
2.049233436584472656e+00
2.187959432601928711e+00
2.376502275466918945e+00
2.537477254867553711e+00
2.699223756790161133e+00
2.864240646362304688e+00
3.000000000000000000e+00
0.000000000000000000e+00
3.000000000000000000e+00
2.250000000000000000e+00
7.500000000000000000e-01
1.125000000000000000e+00
2.625000000000000000e+00
1.875000000000000000e+00
3.750000000000000000e-01
5.625000000000000000e-01
2.062500000000000000e+00
2.812500000000000000e+00
1.312500000000000000e+00
9.375000000000000000e-01
2.437500000000000000e+00
1.687500000000000000e+00
1.875000000000000000e-01
2.812500000000000000e-01
1.781250000000000000e+00
2.531250000000000000e+00
1.031250000000000000e+00
1.406250000000000000e+00
2.906250000000000000e+00
2.156250000000000000e+00
6.562500000000000000e-01
4.687500000000000000e-01
1.968750000000000000e+00
2.718750000000000000e+00
1.218750000000000000e+00
8.437500000000000000e-01
2.343750000000000000e+00
1.593750000000000000e+00
9.375000000000000000e-02
1.406250000000000000e-01
1.640625000000000000e+00
2.390625000000000000e+00
8.906250000000000000e-01
1.265625000000000000e+00
2.765625000000000000e+00
2.015625000000000000e+00
5.156250000000000000e-01
7.031250000000000000e-01
2.203125000000000000e+00
2.953125000000000000e+00
1.453125000000000000e+00
1.078125000000000000e+00
2.578125000000000000e+00
1.828125000000000000e+00
3.281250000000000000e-01
2.343750000000000000e-01
1.734375000000000000e+00
2.484375000000000000e+00
9.843750000000000000e-01
1.359375000000000000e+00
2.859375000000000000e+00
2.109375000000000000e+00
6.093750000000000000e-01
4.218750000000000000e-01
1.921875000000000000e+00
2.671875000000000000e+00
1.171875000000000000e+00
7.968750000000000000e-01
2.296875000000000000e+00
1.546875000000000000e+00
4.687500000000000000e-02
7.031250000000000000e-02
1.570312500000000000e+00
2.320312500000000000e+00
8.203125000000000000e-01
1.195312500000000000e+00
2.695312500000000000e+00
1.945312500000000000e+00
4.453125000000000000e-01
6.328125000000000000e-01
2.132812500000000000e+00
2.882812500000000000e+00
1.382812500000000000e+00
1.007812500000000000e+00
2.507812500000000000e+00
1.757812500000000000e+00
2.578125000000000000e-01
3.515625000000000000e-01
1.851562500000000000e+00
2.601562500000000000e+00
1.101562500000000000e+00
1.476562500000000000e+00
2.976562500000000000e+00
2.226562500000000000e+00
7.265625000000000000e-01
5.390625000000000000e-01
2.039062500000000000e+00
2.789062500000000000e+00
1.289062500000000000e+00
9.140625000000000000e-01
2.414062500000000000e+00
1.664062500000000000e+00
1.640625000000000000e-01
1.171875000000000000e-01
1.617187500000000000e+00
2.367187500000000000e+00
8.671875000000000000e-01
1.242187500000000000e+00
2.742187500000000000e+00
1.992187500000000000e+00
4.921875000000000000e-01
6.796875000000000000e-01
2.179687500000000000e+00
2.929687500000000000e+00
1.429687500000000000e+00
1.054687500000000000e+00
2.554687500000000000e+00
1.804687500000000000e+00
3.046875000000000000e-01
2.109375000000000000e-01
1.710937500000000000e+00
2.460937500000000000e+00
9.609375000000000000e-01
1.335937500000000000e+00
2.835937500000000000e+00
2.085937500000000000e+00
5.859375000000000000e-01
3.984375000000000000e-01
1.898437500000000000e+00
2.648437500000000000e+00
1.148437500000000000e+00
7.734375000000000000e-01
2.273437500000000000e+00
1.523437500000000000e+00
2.343750000000000000e-02
3.515625000000000000e-02
1.535156250000000000e+00
2.285156250000000000e+00
7.851562500000000000e-01
1.160156250000000000e+00
2.660156250000000000e+00
1.910156250000000000e+00
4.101562500000000000e-01
5.976562500000000000e-01
2.097656250000000000e+00
2.847656250000000000e+00
1.347656250000000000e+00
9.726562500000000000e-01
2.472656250000000000e+00
1.722656250000000000e+00
2.226562500000000000e-01
3.164062500000000000e-01
1.816406250000000000e+00
2.566406250000000000e+00
1.066406250000000000e+00
1.441406250000000000e+00
2.941406250000000000e+00
2.191406250000000000e+00
6.914062500000000000e-01
5.039062500000000000e-01
2.003906250000000000e+00
2.753906250000000000e+00
1.253906250000000000e+00
8.789062500000000000e-01
2.378906250000000000e+00
1.628906250000000000e+00
1.289062500000000000e-01
1.757812500000000000e-01
1.675781250000000000e+00
2.425781250000000000e+00
9.257812500000000000e-01
1.300781250000000000e+00
2.800781250000000000e+00
2.050781250000000000e+00
5.507812500000000000e-01
7.382812500000000000e-01
2.238281250000000000e+00
2.988281250000000000e+00
1.488281250000000000e+00
1.113281250000000000e+00
2.613281250000000000e+00
1.863281250000000000e+00
3.632812500000000000e-01
2.695312500000000000e-01
1.769531250000000000e+00
2.519531250000000000e+00
1.019531250000000000e+00
1.394531250000000000e+00
2.894531250000000000e+00
2.144531250000000000e+00
6.445312500000000000e-01
4.570312500000000000e-01
1.957031250000000000e+00
2.707031250000000000e+00
1.207031250000000000e+00
8.320312500000000000e-01
2.332031250000000000e+00
1.582031250000000000e+00
8.203125000000000000e-02
5.859375000000000000e-02
1.558593750000000000e+00
2.308593750000000000e+00
8.085937500000000000e-01
1.183593750000000000e+00
2.683593750000000000e+00
1.933593750000000000e+00
4.335937500000000000e-01
6.210937500000000000e-01
2.121093750000000000e+00
2.871093750000000000e+00
1.371093750000000000e+00
9.960937500000000000e-01
2.496093750000000000e+00
1.746093750000000000e+00
2.460937500000000000e-01
3.398437500000000000e-01
1.839843750000000000e+00
2.589843750000000000e+00
1.089843750000000000e+00
1.464843750000000000e+00
2.964843750000000000e+00
2.214843750000000000e+00
7.148437500000000000e-01
5.273437500000000000e-01
2.027343750000000000e+00
2.777343750000000000e+00
1.277343750000000000e+00
9.023437500000000000e-01
2.402343750000000000e+00
1.652343750000000000e+00
1.523437500000000000e-01
1.054687500000000000e-01
1.605468750000000000e+00
2.355468750000000000e+00
8.554687500000000000e-01
1.230468750000000000e+00
2.730468750000000000e+00
1.980468750000000000e+00
4.804687500000000000e-01
6.679687500000000000e-01
2.167968750000000000e+00
2.917968750000000000e+00
1.417968750000000000e+00
1.042968750000000000e+00
2.542968750000000000e+00
1.792968750000000000e+00
2.929687500000000000e-01
1.992187500000000000e-01
1.699218750000000000e+00
2.449218750000000000e+00
9.492187500000000000e-01
1.324218750000000000e+00
2.824218750000000000e+00
2.074218750000000000e+00
5.742187500000000000e-01
3.867187500000000000e-01
1.886718750000000000e+00
2.636718750000000000e+00
1.136718750000000000e+00
7.617187500000000000e-01
2.261718750000000000e+00
1.511718750000000000e+00
1.171875000000000000e-02
1.757812500000000000e-02
1.517578125000000000e+00
2.267578125000000000e+00
7.675781250000000000e-01
1.142578125000000000e+00
2.642578125000000000e+00
1.892578125000000000e+00
3.925781250000000000e-01
5.800781250000000000e-01
2.080078125000000000e+00
2.830078125000000000e+00
1.330078125000000000e+00
9.550781250000000000e-01
2.455078125000000000e+00
1.705078125000000000e+00
2.050781250000000000e-01
2.988281250000000000e-01
1.798828125000000000e+00
2.548828125000000000e+00
1.048828125000000000e+00
1.423828125000000000e+00
2.923828125000000000e+00
2.173828125000000000e+00
6.738281250000000000e-01
4.863281250000000000e-01
1.986328125000000000e+00
2.736328125000000000e+00
1.236328125000000000e+00
8.613281250000000000e-01
2.361328125000000000e+00
1.611328125000000000e+00
1.113281250000000000e-01
1.582031250000000000e-01
1.658203125000000000e+00
2.408203125000000000e+00
9.082031250000000000e-01
1.283203125000000000e+00
2.783203125000000000e+00
2.033203125000000000e+00
5.332031250000000000e-01
7.207031250000000000e-01
2.220703125000000000e+00
2.970703125000000000e+00
1.470703125000000000e+00
1.095703125000000000e+00
2.595703125000000000e+00
1.845703125000000000e+00
3.457031250000000000e-01
2.519531250000000000e-01
1.751953125000000000e+00
2.501953125000000000e+00
1.001953125000000000e+00
1.376953125000000000e+00
2.876953125000000000e+00
2.126953125000000000e+00
6.269531250000000000e-01
4.394531250000000000e-01
1.939453125000000000e+00
2.689453125000000000e+00
1.189453125000000000e+00
8.144531250000000000e-01
2.314453125000000000e+00
1.564453125000000000e+00
6.445312500000000000e-02
8.789062500000000000e-02
1.587890625000000000e+00
2.337890625000000000e+00
8.378906250000000000e-01
1.212890625000000000e+00
2.712890625000000000e+00
1.962890625000000000e+00
4.628906250000000000e-01
6.503906250000000000e-01
2.150390625000000000e+00
2.900390625000000000e+00
1.400390625000000000e+00
1.025390625000000000e+00
2.525390625000000000e+00
1.775390625000000000e+00
2.753906250000000000e-01
3.691406250000000000e-01
1.869140625000000000e+00
2.619140625000000000e+00
1.119140625000000000e+00
1.494140625000000000e+00
2.994140625000000000e+00
2.244140625000000000e+00
7.441406250000000000e-01
5.566406250000000000e-01
2.056640625000000000e+00
2.806640625000000000e+00
1.306640625000000000e+00
9.316406250000000000e-01
2.431640625000000000e+00
1.681640625000000000e+00
1.816406250000000000e-01
1.347656250000000000e-01
1.634765625000000000e+00
2.384765625000000000e+00
8.847656250000000000e-01
1.259765625000000000e+00
2.759765625000000000e+00
2.009765625000000000e+00
5.097656250000000000e-01
6.972656250000000000e-01
2.197265625000000000e+00
2.947265625000000000e+00
1.447265625000000000e+00
1.072265625000000000e+00
2.572265625000000000e+00
1.822265625000000000e+00
3.222656250000000000e-01
2.285156250000000000e-01
1.728515625000000000e+00
2.478515625000000000e+00
9.785156250000000000e-01
1.353515625000000000e+00
2.853515625000000000e+00
2.103515625000000000e+00
6.035156250000000000e-01
4.160156250000000000e-01
1.916015625000000000e+00
2.666015625000000000e+00
1.166015625000000000e+00
7.910156250000000000e-01
2.291015625000000000e+00
1.541015625000000000e+00
4.101562500000000000e-02
2.929687500000000000e-02
1.529296875000000000e+00
2.279296875000000000e+00
7.792968750000000000e-01
1.154296875000000000e+00
2.654296875000000000e+00
1.904296875000000000e+00
4.042968750000000000e-01
5.917968750000000000e-01
2.091796875000000000e+00
2.841796875000000000e+00
1.341796875000000000e+00
9.667968750000000000e-01
2.466796875000000000e+00
1.716796875000000000e+00
2.167968750000000000e-01
3.105468750000000000e-01
1.810546875000000000e+00
