# x
-1.000000000000000000e+00
1.000000000000000000e+00
-1.000000000000000000e+00
1.000000000000000000e+00
-1.000000000000000000e+00
-9.797979593276977539e-01
-9.595959782600402832e-01
-9.393939375877380371e-01
-9.191918969154357910e-01
-8.989899158477783203e-01
-8.787878751754760742e-01
-8.585858345031738281e-01
-8.383838534355163574e-01
-8.181818127632141113e-01
-7.979797720909118652e-01
-7.777777910232543945e-01
-7.575757503509521484e-01
-7.373737096786499023e-01
-7.171717286109924316e-01
-6.969696879386901855e-01
-6.767676472663879395e-01
-6.565656661987304688e-01
-6.363636255264282227e-01
-6.161616444587707520e-01
-5.959596037864685059e-01
-5.757575631141662598e-01
-5.555555820465087891e-01
-5.353535413742065430e-01
-5.151515007019042969e-01
-4.949494898319244385e-01
-4.747474789619445801e-01
-4.545454680919647217e-01
-4.343434274196624756e-01
-4.141414165496826172e-01
-3.939394056797027588e-01
-3.737373650074005127e-01
-3.535353541374206543e-01
-3.333333432674407959e-01
-3.131313025951385498e-01
-2.929292917251586914e-01
-2.727272808551788330e-01
-2.525252401828765869e-01
-2.323232293128967285e-01
-2.121212184429168701e-01
-1.919191926717758179e-01
-1.717171669006347656e-01
-1.515151560306549072e-01
-1.313131302595138550e-01
-1.111111119389533997e-01
-9.090909361839294434e-02
-7.070706784725189209e-02
-5.050504952669143677e-02
-3.030303120613098145e-02
-1.010101009160280228e-02
1.010101009160280228e-02
3.030303120613098145e-02
5.050504952669143677e-02
7.070706784725189209e-02
9.090909361839294434e-02
1.111111119389533997e-01
1.313131302595138550e-01
1.515151560306549072e-01
1.717171669006347656e-01
1.919191926717758179e-01
2.121212184429168701e-01
2.323232293128967285e-01
2.525252401828765869e-01
2.727272808551788330e-01
2.929292917251586914e-01
3.131313025951385498e-01
3.333333432674407959e-01
3.535353541374206543e-01
3.737373650074005127e-01
3.939394056797027588e-01
4.141414165496826172e-01
4.343434274196624756e-01
4.545454680919647217e-01
4.747474789619445801e-01
4.949494898319244385e-01
5.151515007019042969e-01
5.353535413742065430e-01
5.555555820465087891e-01
5.757575631141662598e-01
5.959596037864685059e-01
6.161616444587707520e-01
6.363636255264282227e-01
6.565656661987304688e-01
6.767676472663879395e-01
6.969696879386901855e-01
7.171717286109924316e-01
7.373737096786499023e-01
7.575757503509521484e-01
7.777777910232543945e-01
7.979797720909118652e-01
8.181818127632141113e-01
8.383838534355163574e-01
8.585858345031738281e-01
8.787878751754760742e-01
8.989899158477783203e-01
9.191918969154357910e-01
9.393939375877380371e-01
9.595959782600402832e-01
9.797979593276977539e-01
1.000000000000000000e+00
-1.000000000000000000e+00
-9.797979593276977539e-01
-9.595959782600402832e-01
-9.393939375877380371e-01
-9.191918969154357910e-01
-8.989899158477783203e-01
-8.787878751754760742e-01
-8.585858345031738281e-01
-8.383838534355163574e-01
-8.181818127632141113e-01
-7.979797720909118652e-01
-7.777777910232543945e-01
-7.575757503509521484e-01
-7.373737096786499023e-01
-7.171717286109924316e-01
-6.969696879386901855e-01
-6.767676472663879395e-01
-6.565656661987304688e-01
-6.363636255264282227e-01
-6.161616444587707520e-01
-5.959596037864685059e-01
-5.757575631141662598e-01
-5.555555820465087891e-01
-5.353535413742065430e-01
-5.151515007019042969e-01
-4.949494898319244385e-01
-4.747474789619445801e-01
-4.545454680919647217e-01
-4.343434274196624756e-01
-4.141414165496826172e-01
-3.939394056797027588e-01
-3.737373650074005127e-01
-3.535353541374206543e-01
-3.333333432674407959e-01
-3.131313025951385498e-01
-2.929292917251586914e-01
-2.727272808551788330e-01
-2.525252401828765869e-01
-2.323232293128967285e-01
-2.121212184429168701e-01
-1.919191926717758179e-01
-1.717171669006347656e-01
-1.515151560306549072e-01
-1.313131302595138550e-01
-1.111111119389533997e-01
-9.090909361839294434e-02
-7.070706784725189209e-02
-5.050504952669143677e-02
-3.030303120613098145e-02
-1.010101009160280228e-02
1.010101009160280228e-02
3.030303120613098145e-02
5.050504952669143677e-02
7.070706784725189209e-02
9.090909361839294434e-02
1.111111119389533997e-01
1.313131302595138550e-01
1.515151560306549072e-01
1.717171669006347656e-01
1.919191926717758179e-01
2.121212184429168701e-01
2.323232293128967285e-01
2.525252401828765869e-01
2.727272808551788330e-01
2.929292917251586914e-01
3.131313025951385498e-01
3.333333432674407959e-01
3.535353541374206543e-01
3.737373650074005127e-01
3.939394056797027588e-01
4.141414165496826172e-01
4.343434274196624756e-01
4.545454680919647217e-01
4.747474789619445801e-01
4.949494898319244385e-01
5.151515007019042969e-01
5.353535413742065430e-01
5.555555820465087891e-01
5.757575631141662598e-01
5.959596037864685059e-01
6.161616444587707520e-01
6.363636255264282227e-01
6.565656661987304688e-01
6.767676472663879395e-01
6.969696879386901855e-01
7.171717286109924316e-01
7.373737096786499023e-01
7.575757503509521484e-01
7.777777910232543945e-01
7.979797720909118652e-01
8.181818127632141113e-01
8.383838534355163574e-01
8.585858345031738281e-01
8.787878751754760742e-01
8.989899158477783203e-01
9.191918969154357910e-01
9.393939375877380371e-01
9.595959782600402832e-01
9.797979593276977539e-01
1.000000000000000000e+00
-1.000000000000000000e+00
1.000000000000000000e+00
5.000000000000000000e-01
-5.000000000000000000e-01
-2.500000000000000000e-01
7.500000000000000000e-01
2.500000000000000000e-01
-7.500000000000000000e-01
-6.250000000000000000e-01
3.750000000000000000e-01
8.750000000000000000e-01
-1.250000000000000000e-01
-3.750000000000000000e-01
6.250000000000000000e-01
1.250000000000000000e-01
-8.750000000000000000e-01
-8.125000000000000000e-01
1.875000000000000000e-01
6.875000000000000000e-01
-3.125000000000000000e-01
-6.250000000000000000e-02
9.375000000000000000e-01
4.375000000000000000e-01
-5.625000000000000000e-01
-6.875000000000000000e-01
3.125000000000000000e-01
8.125000000000000000e-01
-1.875000000000000000e-01
-4.375000000000000000e-01
5.625000000000000000e-01
6.250000000000000000e-02
-9.375000000000000000e-01
-9.062500000000000000e-01
9.375000000000000000e-02
5.937500000000000000e-01
-4.062500000000000000e-01
-1.562500000000000000e-01
8.437500000000000000e-01
3.437500000000000000e-01
-6.562500000000000000e-01
-5.312500000000000000e-01
4.687500000000000000e-01
9.687500000000000000e-01
-3.125000000000000000e-02
-2.812500000000000000e-01
7.187500000000000000e-01
2.187500000000000000e-01
-7.812500000000000000e-01
-8.437500000000000000e-01
1.562500000000000000e-01
6.562500000000000000e-01
-3.437500000000000000e-01
-9.375000000000000000e-02
9.062500000000000000e-01
4.062500000000000000e-01
-5.937500000000000000e-01
-7.187500000000000000e-01
2.812500000000000000e-01
7.812500000000000000e-01
-2.187500000000000000e-01
-4.687500000000000000e-01
5.312500000000000000e-01
3.125000000000000000e-02
-9.687500000000000000e-01
-9.531250000000000000e-01
4.687500000000000000e-02
5.468750000000000000e-01
-4.531250000000000000e-01
-2.031250000000000000e-01
7.968750000000000000e-01
2.968750000000000000e-01
-7.031250000000000000e-01
-5.781250000000000000e-01
4.218750000000000000e-01
9.218750000000000000e-01
-7.812500000000000000e-02
-3.281250000000000000e-01
6.718750000000000000e-01
1.718750000000000000e-01
-8.281250000000000000e-01
-7.656250000000000000e-01
2.343750000000000000e-01
7.343750000000000000e-01
-2.656250000000000000e-01
-1.562500000000000000e-02
9.843750000000000000e-01
4.843750000000000000e-01
-5.156250000000000000e-01
-6.406250000000000000e-01
3.593750000000000000e-01
8.593750000000000000e-01
-1.406250000000000000e-01
-3.906250000000000000e-01
6.093750000000000000e-01
1.093750000000000000e-01
-8.906250000000000000e-01
-9.218750000000000000e-01
7.812500000000000000e-02
5.781250000000000000e-01
-4.218750000000000000e-01
-1.718750000000000000e-01
8.281250000000000000e-01
3.281250000000000000e-01
-6.718750000000000000e-01
-5.468750000000000000e-01
4.531250000000000000e-01
9.531250000000000000e-01
-4.687500000000000000e-02
-2.968750000000000000e-01
7.031250000000000000e-01
2.031250000000000000e-01
-7.968750000000000000e-01
-8.593750000000000000e-01
1.406250000000000000e-01
6.406250000000000000e-01
-3.593750000000000000e-01
-1.093750000000000000e-01
8.906250000000000000e-01
3.906250000000000000e-01
-6.093750000000000000e-01
-7.343750000000000000e-01
2.656250000000000000e-01
7.656250000000000000e-01
-2.343750000000000000e-01
-4.843750000000000000e-01
5.156250000000000000e-01
1.562500000000000000e-02
-9.843750000000000000e-01
-9.765625000000000000e-01
2.343750000000000000e-02
5.234375000000000000e-01
-4.765625000000000000e-01
-2.265625000000000000e-01
7.734375000000000000e-01
2.734375000000000000e-01
-7.265625000000000000e-01
-6.015625000000000000e-01
3.984375000000000000e-01
8.984375000000000000e-01
-1.015625000000000000e-01
-3.515625000000000000e-01
6.484375000000000000e-01
1.484375000000000000e-01
-8.515625000000000000e-01
-7.890625000000000000e-01
2.109375000000000000e-01
7.109375000000000000e-01
-2.890625000000000000e-01
-3.906250000000000000e-02
9.609375000000000000e-01
4.609375000000000000e-01
-5.390625000000000000e-01
-6.640625000000000000e-01
3.359375000000000000e-01
8.359375000000000000e-01
-1.640625000000000000e-01
-4.140625000000000000e-01
5.859375000000000000e-01
8.593750000000000000e-02
-9.140625000000000000e-01
-8.828125000000000000e-01
1.171875000000000000e-01
6.171875000000000000e-01
-3.828125000000000000e-01
-1.328125000000000000e-01
8.671875000000000000e-01
3.671875000000000000e-01
-6.328125000000000000e-01
-5.078125000000000000e-01
4.921875000000000000e-01
9.921875000000000000e-01
-7.812500000000000000e-03
-2.578125000000000000e-01
7.421875000000000000e-01
2.421875000000000000e-01
-7.578125000000000000e-01
-8.203125000000000000e-01
1.796875000000000000e-01
6.796875000000000000e-01
-3.203125000000000000e-01
-7.031250000000000000e-02
9.296875000000000000e-01
4.296875000000000000e-01
-5.703125000000000000e-01
-6.953125000000000000e-01
3.046875000000000000e-01
8.046875000000000000e-01
-1.953125000000000000e-01
-4.453125000000000000e-01
5.546875000000000000e-01
5.468750000000000000e-02
-9.453125000000000000e-01
-9.609375000000000000e-01
3.906250000000000000e-02
5.390625000000000000e-01
-4.609375000000000000e-01
-2.109375000000000000e-01
7.890625000000000000e-01
2.890625000000000000e-01
-7.109375000000000000e-01
-5.859375000000000000e-01
4.140625000000000000e-01
